	Role	Mentions	Total Words	Average Words	Std Dev Words
0	Maxwell James Thompson	8973	243338	27.118912292432853	18.397211352672013
1	Sarah Thompson	3096	75211	24.29295865633075	15.292700696918313
2	Input	864	18014	20.849537037037038	17.230075712106565
3	Sarah	652	13329	20.44325153374233	16.228756775635745
4	Tom Thompson	411	10140	24.67153284671533	20.515299432108396
5	Teacher	327	7164	21.908256880733944	11.790117629605948
6	Person	254	5259	20.70472440944882	9.729178116049352
7	Alice	207	3453	16.681159420289855	9.798194776486474
8	Mom	135	2987	22.125925925925927	9.842033536960802
9	Parent	102	2444	23.96078431372549	9.212014287222381
10	Max	104	1998	19.21153846153846	13.992905535500617
11	Tom	97	1867	19.24742268041237	10.372476394444098
12	Emily Thompson	81	1734	21.40740740740741	12.15717821566142
13	You	80	1574	19.675	11.521474515008919
14	William	95	1460	15.368421052631579	7.156965884005592
15	Mrs. Johnson	46	1282	27.869565217391305	11.560067503286012
16	Wendy	29	1267	43.689655172413794	78.90854743626817
17	Linda	57	1179	20.68421052631579	11.87088121699309
18	Sophia	54	1145	21.203703703703702	10.469319602975427
19	John	67	1112	16.597014925373134	8.302237967465999
20	Ava	52	968	18.615384615384617	10.247239489724212
21	Lisa	50	933	18.66	8.320120191439544
22	Liam	58	927	15.982758620689655	8.58927033011565
23	Waitress	45	925	20.555555555555557	10.058839242854031
24	Rachel	55	855	15.545454545454545	6.657376446996579
25	Victoria	38	771	20.289473684210527	20.644749421350703
26	Hair Stylist	29	769	26.517241379310345	12.044803399878973
27	Daniel	36	732	20.333333333333332	9.565563234854496
28	Nancy	39	690	17.692307692307693	7.49753411139151
29	Sophie	31	651	21.0	11.242201598183229
30	Technician	24	636	26.5	9.578622030334008
31	Laura	18	635	35.27777777777778	64.97589771561927
32	Bartender	38	624	16.42105263157895	8.418749685100979
33	Emma	44	619	14.068181818181818	6.271862588623775
34	Dad	26	615	23.653846153846153	11.010282982782357
35	Isabella	27	593	21.962962962962962	9.476995466533808
36	Doctor	24	588	24.5	11.31739074757664
37	Brian	31	584	18.838709677419356	8.474237140254052
38	Alan	26	575	22.115384615384617	11.82346728748487
39	Megan	31	563	18.161290322580644	13.555374542233386
40	Gary	34	554	16.294117647058822	4.799077189263797
41	Michael	20	518	25.9	27.781108689179412
42	Emily	30	468	15.6	9.611104688501385
43	Noah	22	429	19.5	9.16391143165803
44	Instructor	16	425	26.5625	10.404138299253813
45	Dan	22	422	19.181818181818183	21.710149205208072
46	Librarian	18	418	23.22222222222222	7.2230768725088925
47	Self	22	414	18.818181818181817	6.4922076623116824
48	Katie	21	405	19.285714285714285	17.163479659253408
49	Mary	14	396	28.285714285714285	18.273433375995296
50	Caretaker	16	395	24.6875	17.545365306826756
51	Maxwell	12	382	31.833333333333332	20.751840614482585
52	Mark	17	380	22.352941176470587	9.946570064869766
53	Lecturer	19	367	19.31578947368421	5.171303730343843
54	Patricia	18	365	20.27777777777778	6.278760984953387
55	Natalie	30	357	11.9	12.450836651941643
56	Robert	23	349	15.173913043478262	5.692498297057609
57	Jane	22	341	15.5	6.740312914236117
58	Baxter	29	339	11.689655172413794	6.903789305710717
59	Ella	13	319	24.53846153846154	19.305700173047278
60	Paramedic	14	315	22.5	16.110112174833368
61	Bob	33	305	9.242424242424242	6.300698869511285
62	Nanny	15	296	19.733333333333334	9.835084589818681
63	Other	5	283	56.6	12.435433245367852
64	Physician	12	277	23.083333333333332	14.256333875002914
65	Woman	15	268	17.866666666666667	8.95072933092916
66	Julia	14	268	19.142857142857142	6.16275846003514
67	Tim	10	266	26.6	17.09502851708648
68	Postal Worker	9	252	28.0	11.333333333333334
69	Ethan	12	248	20.666666666666668	9.524821374819698
70	Matt	14	240	17.142857142857142	8.313991158257979
71	Hey there	22	240	10.909090909090908	5.814629597435412
72	Joseph	12	238	19.833333333333332	9.325889889025188
73	Charles	12	232	19.333333333333332	11.642832797715322
74	Chris	9	226	25.11111111111111	13.560108525003645
75	Chef	6	220	36.666666666666664	6.79869268479038
76	Ben	12	218	18.166666666666668	8.32499582916145
77	Professor	7	218	31.142857142857142	12.345370114553313
78	Church Group Leader	8	195	24.375	8.138450405329014
79	Oliver	12	191	15.916666666666666	5.794513688730824
80	Waiter	10	181	18.1	5.593746508378798
81	Barista	14	180	12.857142857142858	4.733726150223111
82	Max's mom	10	180	18.0	11.85748708622531
83	Steve	9	180	20.0	11.907047399661167
84	Friend	11	175	15.909090909090908	7.500964125358643
85	Stranger	7	171	24.428571428571427	8.97388501402252
86	Taxi Driver	6	170	28.333333333333332	7.803133273813084
87	Plumber	6	169	28.166666666666668	5.550275268448904
88	Scout Leader	3	163	54.333333333333336	7.586537784494028
89	Mike	9	161	17.88888888888889	10.471595914074145
90	Jack	11	159	14.454545454545455	10.447823926224467
91	Story Time Leader	7	158	22.571428571428573	6.161102472242236
92	Lifestyle Changes	4	156	39.0	14.212670403551895
93	Library Lady	6	154	25.666666666666668	4.887626099538393
94	Custodian	9	152	16.88888888888889	6.136311676215145
95	Receptionist	9	149	16.555555555555557	8.166477700005759
96	Store Clerk	8	148	18.5	3.0413812651491097
97	Elijah	17	148	8.705882352941176	10.167796371140735
98	Soft-spoken	5	147	29.4	10.669582934679312
99	Christopher	9	146	16.22222222222222	6.76227735764575
100	Baxter, the family nanny	1	144	144.0	0.0
101	Nurse	5	141	28.2	16.868906307167638
102	Mr. Smith	4	138	34.5	17.5
103	Max's Mom	8	136	17.0	6.59545297913646
104	Mr. Lee	7	136	19.428571428571427	9.940640146922746
105	Mother	7	135	19.285714285714285	4.462999814803802
106	Church Volunteer	9	132	14.666666666666666	4.346134936801766
107	Symphony	5	128	25.6	3.555277766926235
108	Firefighter	7	128	18.285714285714285	5.94532915619566
109	Daycare Provider	10	125	12.5	5.554277630799526
110	Sam	8	124	15.5	4.898979485566356
111	Housekeeper	6	119	19.833333333333332	10.6366765904059
112	Data Scientist	5	117	23.4	13.032267646115928
113	The Friendly Neighborhood Dog	7	117	16.714285714285715	4.589250972631145
114	Other Person	5	117	23.4	8.845337754998393
115	Mailman	4	113	28.25	8.227241335952167
116	Mr. Johnson	7	113	16.142857142857142	4.290473547908916
117	Playground Leader	5	112	22.4	4.029888335921977
118	Pastry Chef	3	109	36.333333333333336	17.441967269268172
119	Max's Parent	4	109	27.25	11.903255857117413
120	Andrew	9	108	12.0	6.69991708074726
121	Daycare Teacher	5	106	21.2	3.655133376499413
122	Ms. Brown	5	105	21.0	2.9664793948382653
123	Table	8	103	12.875	4.013648589500581
124	Barber	7	100	14.285714285714286	3.3258419219493756
125	Olivia	8	100	12.5	7.3484692283495345
126	N/A	4	94	23.5	10.307764064044152
127	William Thompson	5	94	18.8	10.457533169921097
128	Sophia Thompson	3	93	31.0	8.640987597877148
129	Emma Thompson	3	93	31.0	7.0710678118654755
130	Timmy	5	93	18.6	6.086049621881176
131	Library Assistant	3	92	30.666666666666668	3.299831645537222
132	Isabella Thompson	4	90	22.5	10.897247358851684
133	Elizabeth	6	90	15.0	3.9157800414902435
134	Professor Thompson	5	88	17.6	6.468384651518491
135	Golf Course Employee	2	83	41.5	25.5
136	Matthew	5	83	16.6	5.535341001239218
137	Bully	5	81	16.2	7.573638491504595
138	Self-reliant	3	76	25.333333333333332	3.0912061651652345
139	Cashier	5	75	15.0	8.366600265340756
140	Mommy	4	73	18.25	8.814051281902097
141	Security Guard	4	73	18.25	6.179603547154137
142	Parents	4	70	17.5	3.905124837953327
143	Michelle	4	70	17.5	6.224949798994366
144	Bus Driver	3	70	23.333333333333332	8.259674462242577
145	Landscaper	4	70	17.5	2.179449471770337
146	Desk	3	67	22.333333333333332	0.9428090415820634
147	Couch	3	67	22.333333333333332	4.784233364802441
148	Vocational Technician	1	67	67.0	0.0
149	Note-taking	5	67	13.4	12.800000000000002
150	Science Experiment Leader	3	65	21.666666666666668	8.379870059984357
151	New Person	2	64	32.0	5.0
152	Oliver Thompson	3	63	21.0	5.354126134736337
153	Lily	4	61	15.25	7.562241731127087
154	Hairdresser	4	59	14.75	3.6996621467371855
155	Tea	2	58	29.0	10.0
156	Hey	5	58	11.6	2.4166091947189146
157	Mail Carrier	5	57	11.4	3.4985711369071804
158	Little Girl	5	55	11.0	7.321202087089251
159	Pilot	4	55	13.75	3.344772040064913
160	Classroom Teacher	2	54	27.0	2.0
161	Patient	2	53	26.5	2.5
162	Hi there	7	53	7.571428571428571	1.0497813183356477
163	Computer	3	51	17.0	8.831760866327848
164	Neighbor	3	51	17.0	1.632993161855452
165	Custodial Worker	2	50	25.0	14.0
166	Sophie Thompson	3	50	16.666666666666668	1.699673171197595
167	Jimmy	3	47	15.666666666666666	6.649979114420002
168	Personal Computer	2	45	22.5	6.5
169	Gary the Custodian	3	44	14.666666666666666	3.858612300930075
170	Vocalizing	3	43	14.333333333333334	2.0548046676563256
171	Historian	2	43	21.5	6.5
172	Relatives	2	43	21.5	2.5
173	Grace Thompson	2	43	21.5	5.5
174	Bed	1	43	43.0	0.0
175	Anne	2	41	20.5	6.5
176	Religious leader	1	39	39.0	0.0
177	Fearless	1	39	39.0	0.0
178	Writing	3	39	13.0	0.0
179	Surgeon	1	37	37.0	0.0
180	Grace	3	37	12.333333333333334	3.2998316455372216
181	Economics teacher	1	36	36.0	0.0
182	Other Children	3	36	12.0	7.0710678118654755
183	Pets	2	36	18.0	10.0
184	Stubborn Technological Specialist	2	33	16.5	0.5
185	Uncle John	2	33	16.5	7.5
186	Ella Thompson	2	31	15.5	2.5
187	News	1	31	31.0	0.0
188	Sister	2	30	15.0	3.0
189	Boutiques	1	30	30.0	0.0
190	Housemaid	2	30	15.0	3.0
191	Soft-spoken Taxi Driver	1	29	29.0	0.0
192	Sibling	1	29	29.0	0.0
193	Kind	1	26	26.0	0.0
194	Robe	1	26	26.0	0.0
195	Sports	1	25	25.0	0.0
196	Aunt Karen	1	24	24.0	0.0
197	Baking	1	24	24.0	0.0
198	Ambitious	1	24	24.0	0.0
199	Headlines	1	23	23.0	0.0
200	Altruistic Stranger	1	22	22.0	0.0
201	Child	2	22	11.0	1.0
202	Soft-spoken woman	1	22	22.0	0.0
203	Max's Mother	2	21	10.5	3.5
204	Wellness	1	21	21.0	0.0
205	Swimming Instructor	1	21	21.0	0.0
206	Alexander	1	20	20.0	0.0
207	Charitable Organization	1	20	20.0	0.0
208	Friend 3	1	19	19.0	0.0
209	Baxter (the family dog)	1	19	19.0	0.0
210	Sarholt	1	18	18.0	0.0
211	Software Engineer	1	18	18.0	0.0
212	Trouser-Wearing Emily	1	17	17.0	0.0
213	Babysitter	2	17	8.5	2.5
214	Weather	1	17	17.0	0.0
215	Friend 2	1	16	16.0	0.0
216	Lost Child 2	1	16	16.0	0.0
217	Child 2	1	15	15.0	0.0
218	Honest	1	15	15.0	0.0
219	Adult	2	13	6.5	6.5
220	Christopher (daycare teacher)	1	13	13.0	0.0
221	Lost Child 1	1	13	13.0	0.0
222	Janitor	1	13	13.0	0.0
223	Family	1	13	13.0	0.0
224	Hey Maxwell	1	13	13.0	0.0
225	Sarah (Max's Mom)	1	13	13.0	0.0
226	Vest-Wearing Stranger	1	12	12.0	0.0
227	Loafers	1	12	12.0	0.0
228	New Student	1	12	12.0	0.0
229	Hey Max	1	12	12.0	0.0
230	Olivia Thompson	1	12	12.0	0.0
231	Mrs. Smith	1	12	12.0	0.0
232	Professor Robert	1	11	11.0	0.0
233	Another child	1	11	11.0	0.0
234	Someone	1	11	11.0	0.0
235	Hi	1	11	11.0	0.0
236	Child 1	1	11	11.0	0.0
237	Brian Johnson	1	10	10.0	0.0
238	Jacket	1	10	10.0	0.0
239	Friend 1	1	9	9.0	0.0
240	Grandma	1	9	9.0	0.0
241	Classmate	1	8	8.0	0.0
242	Knife	1	8	8.0	0.0
243	Max's Parents	1	6	6.0	0.0
244	Character name	1	6	6.0	0.0
245	Hey there!	1	5	5.0	0.0
246	Hi there!	1	5	5.0	0.0
247	Max's Dad	1	4	4.0	0.0
248	Lamp	1	4	4.0	0.0
