[2.6499901e+00 2.1024110e+00 0.0000000e+00 2.0685656e+00 2.4548361e+00
 2.4741383e+00 9.5751256e-01 0.0000000e+00 2.5510414e+00 2.6329277e+00
 0.0000000e+00 0.0000000e+00 0.0000000e+00 2.6302600e+00 0.0000000e+00
 0.0000000e+00 2.5002015e+00 2.2440593e+00 0.0000000e+00 0.0000000e+00
 1.8934234e+00 0.0000000e+00 2.2764394e+00 2.9639430e+00 2.9373074e+00
 2.2211146e+00 0.0000000e+00 2.7772138e+00 2.0542543e+00 0.0000000e+00
 0.0000000e+00 0.0000000e+00 0.0000000e+00 0.0000000e+00 2.2519543e+00
 1.8689629e+00 0.0000000e+00 0.0000000e+00 0.0000000e+00 0.0000000e+00
 0.0000000e+00 0.0000000e+00 0.0000000e+00 0.0000000e+00 0.0000000e+00
 2.4492519e+00 0.0000000e+00 0.0000000e+00 2.4324658e+00 2.7449512e+00
 0.0000000e+00 0.0000000e+00 2.4069481e+00 2.0059173e+00 0.0000000e+00
 2.7970414e+00 0.0000000e+00 0.0000000e+00 2.6173780e+00 2.5003395e+00
 3.0131807e+00 2.6171701e+00 3.1541383e+00 0.0000000e+00 2.8107555e+00
 2.1537557e+00 0.0000000e+00 0.0000000e+00 2.3980949e+00 0.0000000e+00
 0.0000000e+00 1.7869517e+00 2.5196261e+00 0.0000000e+00 2.5053813e+00
 2.2739837e+00 2.4100761e+00 0.0000000e+00 0.0000000e+00 0.0000000e+00
 5.2608186e-01 2.1320384e+00 0.0000000e+00 0.0000000e+00 0.0000000e+00
 2.8866882e+00 2.7115479e+00 2.5079367e+00 2.5171330e+00 2.8137519e+00
 0.0000000e+00 0.0000000e+00 0.0000000e+00 4.1684881e-03 0.0000000e+00
 0.0000000e+00 0.0000000e+00 0.0000000e+00 0.0000000e+00 0.0000000e+00
 0.0000000e+00 2.7107275e+00 2.4285161e+00 2.4168375e+00 0.0000000e+00
 0.0000000e+00 2.1755989e+00 2.1889021e+00 0.0000000e+00 2.2953768e+00
 0.0000000e+00 0.0000000e+00 0.0000000e+00 0.0000000e+00 0.0000000e+00
 0.0000000e+00 0.0000000e+00 0.0000000e+00 0.0000000e+00 1.3115109e-04
 1.9274095e+00 2.6600373e+00 0.0000000e+00 0.0000000e+00 2.4486318e+00
 0.0000000e+00 0.0000000e+00 0.0000000e+00 0.0000000e+00 0.0000000e+00
 2.4229786e+00 2.6460483e+00 0.0000000e+00 0.0000000e+00 2.4194062e+00
 0.0000000e+00 0.0000000e+00 2.3792934e+00 2.2940543e+00 0.0000000e+00
 0.0000000e+00 2.7356622e+00 0.0000000e+00 2.2250597e+00 0.0000000e+00
 0.0000000e+00 2.0970371e+00 3.0267494e+00 1.4605240e+00 0.0000000e+00
 2.9846656e+00 0.0000000e+00 2.7470498e+00 2.1659200e+00 0.0000000e+00
 0.0000000e+00 0.0000000e+00 0.0000000e+00 0.0000000e+00 3.0048852e+00
 9.7483110e-01 0.0000000e+00 0.0000000e+00 2.1401036e+00 2.3880696e-01
 2.4796898e+00 2.4988644e+00 2.5261893e+00 0.0000000e+00 0.0000000e+00
 2.7647970e+00 2.6756103e+00 0.0000000e+00 0.0000000e+00 0.0000000e+00
 4.7448054e-02 0.0000000e+00 0.0000000e+00 0.0000000e+00 2.2325809e+00
 0.0000000e+00 2.6626465e+00 0.0000000e+00 0.0000000e+00 0.0000000e+00
 2.0884836e+00 2.8961442e+00 1.3411289e+00 0.0000000e+00 0.0000000e+00
 2.5520709e+00 0.0000000e+00 1.6494877e+00 0.0000000e+00 2.7154875e+00
 0.0000000e+00 0.0000000e+00 3.2451928e+00 0.0000000e+00 2.2057302e+00
 6.2330522e-02 0.0000000e+00 1.9139427e+00 2.1609187e+00 0.0000000e+00
 2.8155591e+00 2.1819601e+00 0.0000000e+00 2.3163800e+00 0.0000000e+00
 0.0000000e+00 0.0000000e+00 0.0000000e+00 1.5764372e-02 2.3055973e+00
 0.0000000e+00 0.0000000e+00 2.2416642e+00 0.0000000e+00 1.1286864e+00
 2.2415071e+00 2.1642232e+00 0.0000000e+00 2.2406576e+00 2.8888385e+00
 0.0000000e+00 2.1853635e+00 2.1463096e+00 2.1985927e+00 0.0000000e+00
 2.0894215e+00 1.0013459e+00 0.0000000e+00 2.0608025e+00 0.0000000e+00
 2.1659887e+00 1.8038048e+00 2.6917646e+00 1.7668861e+00 2.2977054e+00
 0.0000000e+00 2.1173654e+00 2.0562880e+00 0.0000000e+00 0.0000000e+00
 2.1057312e+00 2.2268217e+00 0.0000000e+00 3.2111442e+00 0.0000000e+00
 0.0000000e+00 1.9821242e+00 0.0000000e+00 2.4008181e+00 0.0000000e+00
 1.8310436e+00]